0.0950376037767,33.881805228,0.302378084267,24.2837878684,0.403119994151,8.33911050133,63.2533462456,4.14429343606,6.14582949179,0.00531324664736,3.40591260475,-0.0575703732285,0.552557873324,0.0800219924508,38.3295364128,0.210802742783,24.2838758386,0.370297531763,8.33939064056,58.8059669415,4.20530463193,6.22474453193,0.00415891119751,3.51900278505,-0.0326724728553,0.432182209965,0.139240209349,25.3415991008,0.475405111468,24.1534941102,0.560451808236,8.18194700376,71.2723773399,3.93904034707,5.73579594578,0.0129067697503,2.8685148136,-0.165213049615,0.802525561645,0.0799785622897,38.2596364104,0.212245032093,24.2839702503,0.369859845586,8.33941898989,58.8762445908,4.20770939293,6.22565702056,0.00413272592315,3.52112235963,-0.0323861715895,0.430472944926,102726.0,65359.0,15737.0,19378.0,13846.0,8345.0,5199.0,5287.0,5484.0,30823.0,6540.0,13982.0,5864.0,6350.0,11687.0,5954.0,20179.0,3090.0,3707.0,2636.0,2066.0,2583.0,2023.0,924.0,1162.0,3728.0,1109.0,2048.0,1142.0,1941.0,1065.0,1214.0,3318.0,4519.0,1646.0,2042.0,1965.0,1219.0,1441.0,2042.0,2791.0,1385.0,1149.0,961.0,2375.0,2802.0,7425.0,2008.0,2995.0,1900.0,14485.0,975.0,3585.0,3086.0,1341.0,2438.0,1329.0,3607.0,2769.0,13679.0,500.0,843.0,902.0,593.0,856.0,5028.0,2476.0,4590.0,697.0,1014.0,1176.0,516.0,1083.0,1039.0,541.0,622.0,2166.0,551.0,719.0,737.0,2507.0,336.0,518.0,1113.0,1047.0,2547.0,1018.0,1167.0,1321.0,1111.0,979.0,2178.0,2539.0,400.0,1482.0,681.0,2390.0,2150.0,1682.0,1644.0,1761.0,9539.0,620.0,1510.0,1690.0,825.0,5656.0,1205.0
