0.0622500309105,31.8394915736,0.368011373803,25.1899245127,0.366722274904,9.88369778743,68.9202064773,4.36685350291,6.64158408222,0.00409503430547,3.46515490198,-0.0951469690546,0.69638347324,0.0537284097879,35.1074370284,0.303138894229,25.1896947165,0.348334658351,9.88419045773,65.6513418377,4.41338757811,6.73823565699,0.00351715681283,3.53807727906,-0.0674889525315,0.612695920375,0.0824629243829,25.3098393195,0.498308641557,25.224511937,0.516911733356,9.77270636421,75.5882084286,4.27403313299,6.33292275081,0.00998814890891,3.02944020687,-0.171472274208,0.833723408877,0.0539268154368,34.9958702923,0.305353425556,25.1896947165,0.346921412973,9.88419045773,65.7629085739,4.41312895659,6.73907470247,0.00345485477063,3.5415336796,-0.0672483161471,0.611839251006,74284.0,31350.0,10454.0,10228.0,13979.0,5568.0,4259.0,4351.0,4919.0,12993.0,2910.0,3745.0,4114.0,2959.0,4210.0,4048.0,13747.0,1624.0,1617.0,1263.0,801.0,1296.0,1009.0,1084.0,1048.0,1553.0,796.0,963.0,945.0,845.0,859.0,1028.0,1966.0,1955.0,1146.0,1169.0,895.0,906.0,862.0,876.0,1156.0,1249.0,904.0,1035.0,1015.0,1883.0,786.0,817.0,865.0,891.0,1128.0,1118.0,1690.0,858.0,1206.0,1688.0,837.0,1635.0,1832.0,7848.0,610.0,583.0,595.0,560.0,442.0,596.0,533.0,571.0,588.0,664.0,685.0,441.0,693.0,480.0,659.0,2207.0,1319.0,426.0,492.0,622.0,497.0,665.0,582.0,1033.0,232.0,525.0,505.0,824.0,721.0,822.0,1002.0,1478.0,2278.0,191.0,1068.0,734.0,1735.0,561.0,980.0,1033.0,1025.0,3008.0,829.0,2024.0,2105.0,1089.0,7198.0,3865.0
