14327,8516,6251,6221,6395,6190,6065,6211,6028,6371,6237,6207,6356,6366,6048,6102,6101,6077,6224,6368,6146,6281,6087,6324,6256,6237,6220,6260,6484,6100,5972,6135,6059,6101,6028,6421,6049,5890,6230,6169,6384,6196,6076,6337,6117,6176,6126,6206,6208,6154,6227,6148,6077,6104,6204,6182,6232,6170,5931,6056,6035,6232,6260,6044,6108,6389,6120,6178,6127,6097,6268,6473,6202,6235,6211,5999,6424,6254,6252,6266,6345,6340,6305,6187,5982,6279,6205,6286,6194,6159,6279,6020,6073,6227,6397,6170,6020,6132,6235,6180,6262,6132,5948,6213,6220,6392,6099,5942,6198,6224,6130,6082,6645,6391,6265,6212,6428,6287,6435,6186,6089,6389,6114,6193,6144,6015,6238,6170,6239,6394,6284,6503,6068,6217,6416,6263,6134,6225,6263,6551,6253,6107,6444,6400,6201,6128,6104,6190,6274,6195,6199,6162,6151,6044,6305,6154,6193,6180,6166,6294,6334,6197,6056,6080,6190,6182,6200,6426,6127,6362,6164,6166,6042,6140,6270,6238,6265,6365,6075,5992,6103,6226,6202,6086,6517,6164,6123,6276,6278,6129,6231,6033,6155,6084,6147,6517,6292,6212,6089,6368,6292,6194,6207,6032,6312,6183,6472,6010,6151,6255,6151,6329,6259,6123,6154,6182,5935,6126,6223,6243,5994,6232,6107,6110,6173,6346,5888,6162,6481,6196,5972,6040,6248,6128,6266,6078,6164,6176,6056,6197,8520,8254,8327,6240,6089,6304,6249,6138,6170,6034,6243,6104,6080,5924,6650,9894
