3694,59,26,44,37,24,11,10,15,3,8,11,24,15,6,19,24,5,14,5,3,9,15,2,4,4,23,9,5,2,12,7,62,10,75,30,20,12,20,14,13,16,22,56,12,6,21,14,12,14,11,15,5,55,11,9,14,9,9,15,9,5,8,10,62,23,13,29,6,15,21,25,17,13,12,5,14,6,10,7,43,125,41,47,15,52,42,58,8,124,18,54,3,53,23,2,15,43,17,27,38,112,30,67,31,43,36,22,45,10,33,40,14,7,32,25,68,34,23,11,15,54,8,2,22,9,8,15,34,17,6,15,3,14,9,4,11,8,1,47,11,12,10,20,19,65,53,23,16,26,8,16,9,47,7,24,16,9,11,3,10,24,42,6,10,18,7,9,10,17,9,14,6,5,13,14,16,13,12,2,9,6,7,2,6,10,10,6,13,14,15,5,38,3,53,60,15,10,14,13,66,25,11,0,40,3,13,16,51,29,16,19,15,1,4,1,3,6,13,15,18,12,8,23,14,15,16,22,11,14,23,19,127,25,18,18,10,5,35,36,12,14,16,18,16,29,21,24,16,33,26,23,36,34,22,2083
