10763,5504,3168,3387,3248,3238,3423,3090,3234,3231,3130,3266,3250,3194,3218,3342,3234,3246,3162,3240,3313,3222,3126,3197,3274,3124,3237,3135,3280,3277,3311,3235,3322,3289,3251,3388,3208,3293,3273,3180,3172,3171,3201,3173,3323,3326,3256,3220,3253,3259,3178,3234,3282,3253,3170,3086,3287,3181,3179,3243,3120,3278,3355,3324,3198,3199,3262,3207,3295,3303,3220,3196,3269,3257,3222,3170,3267,3199,3233,3247,3238,3181,3283,3184,3323,3342,3174,3281,3237,3249,3148,3221,3248,3297,3145,3378,3247,3306,3161,3359,3361,3447,3253,3247,3266,3385,3277,3267,3337,3247,3327,3357,3239,3214,3300,3303,3499,3257,3310,3193,3216,3243,3222,3285,3189,3330,3164,3132,3299,3314,3269,3330,3278,3364,3312,3242,3312,3339,3330,3430,3213,3458,3247,3322,3166,3323,3276,3282,3452,3243,3363,3267,3260,3234,3254,3286,3371,3270,3194,3203,3258,3163,3293,3327,3185,3252,3090,3185,3256,3156,3312,3207,3190,3191,3085,3163,3307,3256,3259,3235,3180,3393,3103,3206,3291,3227,3259,3165,3219,3247,3140,3183,3239,3166,3127,3308,3217,3280,3207,3234,3174,3294,3252,3163,3157,3102,3260,3143,3181,3200,3224,3187,3162,3355,3115,3210,3302,3168,3246,3220,3210,3165,3320,3086,3112,3043,3279,3251,3179,3115,3328,3276,3259,3242,3150,3220,3297,3199,3140,3198,10136,3103,3211,3216,3181,3109,3149,3153,3175,3198,3176,3247,3316,3354,3226,6726
