84991,797,462,617,624,782,402,341,694,380,385,442,592,755,353,750,676,391,378,378,575,573,327,399,495,431,350,342,425,447,295,319,659,332,306,456,752,468,279,338,441,486,326,557,319,421,351,318,332,331,321,591,325,827,313,291,342,428,323,537,340,728,339,311,3529,416,304,623,547,750,399,400,614,357,339,316,411,468,331,330,703,398,338,529,383,473,588,525,426,412,305,400,355,416,482,505,482,383,300,361,402,598,326,361,840,639,807,339,444,315,421,415,376,301,472,365,1026,854,333,297,364,322,296,289,346,571,437,310,401,854,320,858,386,536,310,288,445,915,386,1701,419,622,329,327,342,334,320,250,395,321,278,302,386,300,306,281,305,306,305,302,385,625,323,556,388,277,286,287,363,328,294,281,334,322,292,556,401,270,265,285,321,311,347,277,442,354,325,348,302,373,372,356,693,618,522,511,388,323,467,510,388,475,351,323,407,323,366,356,392,324,348,344,397,322,322,266,384,284,311,336,348,333,306,304,539,416,335,315,371,336,334,328,876,367,300,662,457,286,304,308,2054,1235,324,367,464,428,507,362,573,415,324,342,751,319,466,1761
