180232,3410
