12660722,109075
