153,85,1,1,124,1,1,3,0,1,0,0,0,0,0,2,0,0,0,0,408,204,91,195,223,245
