477,446,1,10,64,1,1,3,11,78,12,0,18,0,0,45,1,2,41,0,929,216,187,807,149,103
