26,1,0,53,0,0,0,0,4,1,0,0,784374,154,1,39,32,3,0,0,0,0,0,0,0,0,0,0,0,0,0,0,3,0,0,10,2,0,0,0,0,20,0,0,2,0,0,10,0,66,0,0,33,0,0,1,0,0,56,0,32,85,0,0,0,0,0,0,10,0,0,0,0,1,0,0,0,0,0,0,0,0,0,0,0,0,0,0,15,1,0,0,7
