99,1,0,177,0,0,0,0,8,2,0,0,2822,63,2,39,60,4,0,0,0,0,0,0,0,0,0,0,0,0,0,0,3,1,0,17,3,0,1,0,0,41,0,0,10,0,5,47,0,142,0,0,63,0,0,7,0,0,238,0,60,411,0,0,0,0,0,0,46,0,0,0,0,3,0,0,0,0,0,0,0,0,0,0,0,0,0,0,55,10,0,0,51
