121626,11012,12052,8358,8358,13709,47144
