52147,6986,2246,4390,4141,3980,3261
