3084,350,7,144,144,641,2
