0.0006954574937904285,0.00018983521359728291,1.016326191343006e-05,0.0008954559693011415,0.0,1.0,0.006949161398192173,0.008621140080463973,0.0,0.0,0.04143372172004807,0.0,0,0.0006954574937904285,1,72,3,3.629736397653593e-07,2.8311943901698028e-05,1.4518945590614373e-06,0,0,0,0.0
