0.032109669440861625,0.0006064695782900974,2.2778200123571734e-05,0.03273891721927529,0.0,1.0,0.004218661943482811,0.006166975283793575,0.0,0.0,0.5385878753723533,0.0,0,0.032109669440861625,2,22,2,1.898183343630978e-06,2.657456681083369e-05,2.8472750154464668e-06,0,0,0,0.0
