0,4403,0,476,7360,0,7364,0,0,5,1,100121,0.8,0.2,0.8362650763422539,0.0,0.036776252046373324,0.0,0.003975811032040359,0.061474725201296314,0.0,0.06150813537803615,0.0,0.0
