0,1069,0,126,260,3,1700,0,0,6,1,-37,0.8333333333333334,0.16666666666666666,-0.011855174623518103,0.0,0.3425184235821852,0.0,0.04037167574495354,0.08330663248958667,0.0009612303748798462,0.5446972124319128,0.0,0.0
