0,11696,0,1108,25820,3,112675,0,3,7,1,-3346,0.8571428571428571,0.14285714285714285,-0.02261437290060084,0.0,0.07904892571590778,0.0,0.007488561020282646,0.1745078028372725,2.0275887239032435e-05,0.7615285315526599,0.0,2.0275887239032435e-05
